<?xml version="1.0"?>
<opencv_storage>
<calibration_time>"Fri 07 Sep 2018 09:00:10 PM PDT"</calibration_time>
<nr_of_frames>8</nr_of_frames>
<image_width>640</image_width>
<image_height>480</image_height>
<board_width>9</board_width>
<board_height>6</board_height>
<square_size>19.</square_size>
<fix_aspect_ratio>1.</fix_aspect_ratio>
<!-- flags: +fix_aspectRatio +fix_principal_point +zero_tangent_dist +fix_k4 +fix_k5 -->
<flags>6158</flags>
<fisheye_model>0</fisheye_model>
<camera_matrix type_id="opencv-matrix">
  <rows>3</rows>
  <cols>3</cols>
  <dt>d</dt>
  <data>
    3.8066140135939258e+02 0. 320. 0. 3.8066140135939258e+02 240. 0. 0.
    1.</data></camera_matrix>
<distortion_coefficients type_id="opencv-matrix">
  <rows>5</rows>
  <cols>1</cols>
  <dt>d</dt>
  <data>
    -4.1688488802490231e-01 2.0382768689162872e-01 0. 0.
    -5.2882830798741419e-02</data></distortion_coefficients>
<avg_reprojection_error>5.6662926753783716e-01</avg_reprojection_error>
<per_view_reprojection_errors type_id="opencv-matrix">
  <rows>8</rows>
  <cols>1</cols>
  <dt>f</dt>
  <data>
    5.18452942e-01 5.29878318e-01 5.28482676e-01 6.61817789e-01
    4.92591292e-01 6.56503320e-01 6.03366971e-01 5.13803601e-01</data></per_view_reprojection_errors>
<!-- a set of 6-tuples (rotation vector + translation vector) for each view -->
<extrinsic_parameters type_id="opencv-matrix">
  <rows>8</rows>
  <cols>6</cols>
  <dt>d</dt>
  <data>
    -3.3213487518693596e-01 -4.9799270490890912e-01
    7.6155407580237838e-02 -1.0043277227698469e+02
    -2.0452757353868755e+01 2.0081873896092358e+02
    -2.8904740718879318e-01 -7.2255437074754458e-01
    2.1251740731094676e-01 -1.0760490768706907e+02
    -2.7007562022248806e+01 1.9118602281060933e+02
    -4.2054254266101082e-01 -5.3328568468269089e-01
    1.8264046799420713e-01 -7.1653983620465908e+01
    -7.2904105566128399e+00 2.0839936912361298e+02
    -4.1641175305370287e-01 -5.4405476630170280e-01
    2.0100035181261994e-01 -8.7924949568150055e+01
    -1.1288379407128101e+01 2.0475547014103640e+02
    -4.4868732662644245e-01 -8.1899635794997636e-02
    -3.1421427124364430e-02 -4.2249043444253644e+01
    -3.3864563939325500e+01 2.2255585461819513e+02
    -4.2848934605330424e-01 -9.8989367069008127e-02
    -3.6284296593545609e-02 -4.6063891419647284e+01
    -3.2219429840353001e+01 2.2068793292393309e+02
    -4.1074446466247366e-01 -1.2675373192318232e-01
    -6.6706973575615461e-02 -5.4817281842334509e+01
    -2.9765892519256454e+01 2.1991595711920965e+02
    -3.4027178146399611e-01 -7.4407208983723799e-02
    -1.8953173714368929e-01 -4.6309351988613692e+01
    2.6938734359654828e+00 2.2550679980197094e+02</data></extrinsic_parameters>
<image_points type_id="opencv-matrix">
  <rows>8</rows>
  <cols>54</cols>
  <dt>"2f"</dt>
  <data>
    1.49064270e+02 2.05424835e+02 1.78354645e+02 2.09917374e+02
    2.07585464e+02 2.15224030e+02 2.37185577e+02 2.20432678e+02
    2.65630493e+02 2.25364517e+02 2.92871185e+02 2.30377655e+02
    3.19312378e+02 2.35215500e+02 3.43509827e+02 2.39639587e+02
    3.66319214e+02 2.43980316e+02 1.43535446e+02 2.35567734e+02
    1.73952164e+02 2.40560577e+02 2.04320831e+02 2.45182358e+02
    2.34775162e+02 2.49711975e+02 2.64390381e+02 2.54477692e+02
    2.92540955e+02 2.58555237e+02 3.19345947e+02 2.62581482e+02
    3.44158508e+02 2.66120941e+02 3.67453735e+02 2.69492523e+02
    1.39270233e+02 2.67798706e+02 1.70295029e+02 2.72409058e+02
    2.01785141e+02 2.76928528e+02 2.33116455e+02 2.81053558e+02
    2.63006042e+02 2.84728485e+02 2.91987610e+02 2.88303558e+02
    3.19484619e+02 2.91303925e+02 3.44895233e+02 2.93788269e+02
    3.68376526e+02 2.96092682e+02 1.36209335e+02 3.01653381e+02
    1.67683762e+02 3.06193817e+02 1.99583618e+02 3.10355286e+02
    2.31665192e+02 3.13655579e+02 2.62679138e+02 3.16578766e+02
    2.91870178e+02 3.18809387e+02 3.20127441e+02 3.20653717e+02
    3.45570801e+02 3.22227539e+02 3.69374969e+02 3.23534271e+02
    1.34547546e+02 3.35940857e+02 1.66483810e+02 3.40338318e+02
    1.98790756e+02 3.43953064e+02 2.31368881e+02 3.46561462e+02
    2.62496857e+02 3.48455505e+02 2.91849762e+02 3.50230896e+02
    3.19985504e+02 3.50742889e+02 3.46321106e+02 3.50846069e+02
    3.69912781e+02 3.50701874e+02 1.34518372e+02 3.70281433e+02
    1.66489792e+02 3.74356537e+02 1.99094299e+02 3.76890503e+02
    2.31576141e+02 3.79625610e+02 2.62784332e+02 3.80244720e+02
    2.92672302e+02 3.80895691e+02 3.20774139e+02 3.80143280e+02
    3.46696228e+02 3.79556091e+02 3.70572571e+02 3.77944702e+02
    1.32433533e+02 1.93229065e+02 1.59435593e+02 2.03220718e+02
    1.86478485e+02 2.13138992e+02 2.13112442e+02 2.22588852e+02
    2.38373245e+02 2.32019821e+02 2.62229248e+02 2.40425720e+02
    2.84756958e+02 2.48493057e+02 3.05625122e+02 2.55817474e+02
    3.25073242e+02 2.62691925e+02 1.23658470e+02 2.23471924e+02
    1.51903183e+02 2.33587891e+02 1.79805313e+02 2.42601395e+02
    2.07347900e+02 2.51696960e+02 2.33479660e+02 2.59938354e+02
    2.58257629e+02 2.67820923e+02 2.81442139e+02 2.74799042e+02
    3.02860565e+02 2.81405487e+02 3.22567383e+02 2.87060089e+02
    1.15510376e+02 2.55933258e+02 1.44796494e+02 2.65029358e+02
    1.73468857e+02 2.73959442e+02 2.01331314e+02 2.83792145e+02
    2.28879181e+02 2.89631531e+02 2.54389191e+02 2.96147552e+02
    2.78265839e+02 3.02460236e+02 3.00213135e+02 3.07489258e+02
    3.20379974e+02 3.12456940e+02 1.09170021e+02 2.89665436e+02
    1.38729050e+02 2.98856995e+02 1.68335571e+02 3.06422272e+02
    1.97263077e+02 3.13935272e+02 2.24822449e+02 3.19896454e+02
    2.50571594e+02 3.25565338e+02 2.75084900e+02 3.30389740e+02
    2.97369232e+02 3.34550293e+02 3.17886932e+02 3.38114288e+02
    1.04185356e+02 3.24662598e+02 1.34290527e+02 3.31938110e+02
    1.64187683e+02 3.39740967e+02 1.93290543e+02 3.45410278e+02
    2.21227432e+02 3.50787506e+02 2.47611053e+02 3.54884216e+02
    2.72235352e+02 3.58596039e+02 2.94968231e+02 3.61252502e+02
    3.15626404e+02 3.63865631e+02 1.00384956e+02 3.58232727e+02
    1.30672546e+02 3.65857086e+02 1.61255081e+02 3.71494385e+02
    1.89925964e+02 3.76960815e+02 2.18276962e+02 3.80844971e+02
    2.44796982e+02 3.84036499e+02 2.69618378e+02 3.86234467e+02
    2.92467468e+02 3.88216003e+02 3.13212799e+02 3.89150513e+02
    1.95900299e+02 2.27133530e+02 2.25524918e+02 2.36328583e+02
    2.54495728e+02 2.45235718e+02 2.82399750e+02 2.53429169e+02
    3.08818268e+02 2.61430420e+02 3.33337433e+02 2.68504944e+02
    3.56461029e+02 2.75335541e+02 3.77482513e+02 2.81288116e+02
    3.96670410e+02 2.86783844e+02 1.89228104e+02 2.57489685e+02
    2.20183624e+02 2.66369873e+02 2.50224228e+02 2.74428467e+02
    2.79271545e+02 2.82305115e+02 3.06498535e+02 2.89301971e+02
    3.31938568e+02 2.95606476e+02 3.55441742e+02 3.01395508e+02
    3.77146027e+02 3.06450562e+02 3.96517303e+02 3.11040619e+02
    1.83049255e+02 2.89901581e+02 2.15050079e+02 2.97794678e+02
    2.46188126e+02 3.05627838e+02 2.73700623e+02 3.14730072e+02
    3.04293488e+02 3.18725098e+02 3.30167938e+02 3.23925018e+02
    3.54530640e+02 3.28479462e+02 3.76452271e+02 3.32493622e+02
    3.96549927e+02 3.35925842e+02 1.77522995e+02 3.23561279e+02
    2.10290955e+02 3.31459534e+02 2.42065842e+02 3.38222443e+02
    2.73081055e+02 3.44024353e+02 3.01693695e+02 3.48902405e+02
    3.28575012e+02 3.53229126e+02 3.53016968e+02 3.56518463e+02
    3.75611603e+02 3.59241669e+02 3.95971436e+02 3.61364990e+02
    1.73053574e+02 3.58420013e+02 2.06473801e+02 3.65140991e+02
    2.38984070e+02 3.71133942e+02 2.70479584e+02 3.75731567e+02
    2.99601929e+02 3.79464386e+02 3.27057312e+02 3.82386810e+02
    3.51860352e+02 3.84370850e+02 3.74650482e+02 3.85805542e+02
    3.95331787e+02 3.86785889e+02 1.70101868e+02 3.92475616e+02
    2.03348816e+02 3.98760010e+02 2.36438446e+02 4.03600067e+02
    2.68270874e+02 4.07465485e+02 2.97738190e+02 4.09789764e+02
    3.25357513e+02 4.11474396e+02 3.50507202e+02 4.12198822e+02
    3.73469360e+02 4.12448883e+02 3.94274048e+02 4.12251526e+02
